相机1的位姿：
1  0  0  0  0  0  0
相机2的位姿：前四个为Hamilton四元数
0.996714  -0.027789  -0.0611955  -0.0452007  -0.711593  0.0170352  -0.702386

相机1的2D点：
358  294
663  207
340  210
341  215
245  218
253  297
370  273
332  290
318  222
328  292
318  175
321  217
710  228
413  290
586  235
246  225
320  166
407  252
394  253
293  226
568  286
368  272
384  65
582  305
561  285
338  291
419  362
416  357
241  303
373  272
285  273
167  304
382  306
631  184
442  148
428  357
691.2  282
560.4  284.4
416.4  356.4
662.4  207.6
232.8  298.8
567.6  285.6
384  61.2
393.6  252
340.8  214.8
710.4  228
332.4  290.4
373.2  271.2
253.2  296.4
285.6  272.4
246  218.4
321.6  218.4
374.4  218.4
350.4  64.8
384  64.8
246  223.2
166.8  303.6
298.8  180
224.4  180
318  222
241.2  304.8
318  175.2
387.6  304.8
381.6  306
368.4  272.4
514.8  90
338.4  214.56
371.52  272.16
635.04  194.4
660.96  207.36
567.36  285.12
293.76  226.08
316.8  220.32
223.2  178.56
244.8  224.64
299.52  178.56
586.08  233.28
581.76  303.84
240.48  303.84
332.64  290.88
689.76  280.8
321.12  217.44
247.68  296.64
244.8  218.88
339.84  210.24
573.12  228.96
316.8  174.24
424.8  325.44
419.04  312.48
673.92  212.544
635.904  195.264
661.824  207.36
319.68  165.888
582.336  302.4
167.616  307.584
338.688  214.272
243.648  219.456
689.472  281.664
585.792  233.28
371.52  271.296
240.192  305.856
419.904  314.496
293.76  226.368
316.224  221.184
243.648  224.64
623.808  240.192
573.696  229.824
222.912  179.712
566.784  283.392
423.36  326.592
601.344  248.832
675.994  213.581
337.997  213.581
661.479  207.36
636.595  194.918
580.608  300.672
294.451  226.022
234.317  223.949
584.755  232.243
319.334  165.888
236.39  300.672
632.448  184.55
315.187  174.182
574.387  230.17
624.568  238.879
313.528  174.182
236.39  223.949
634.522  196.577
320.993  166.717
659.405  263.762
574.802  231.414
624.071  238.879
325.472  167.215
337.416  212.005
636.015  197.075
421.024  316.514
562.56  286.655
584.059  229.324
300.987  179.159


相机2的2D点：
212.4  338.4
541  211
192  242.4
191.52  247.68
73  262
76.8  356.4
234  311
181.2  337.2
163.2  258
176.4  340.8
159.6  205.2
168  253.2
584  230
279.36  326.88
458  248
74.4  270
161  194
275  284
259.2  285.6
131.04  264.96
447  306
229.2  310.8
229  75
459  328
439  306
188.4  338.4
251  424
250  418
46.08  368.64
234  310.8
129.6  321.6
275  328
178.8  363.6
511.2  190.08
314.4  166.8
265  417
574  290
439  306
249.6  417.6
541  211
38.4  364.8
446.4  306
227  71
259.2  285.12
191.52  247.68
583.2  230.4
181.44  338.4
234  310.8
77  357
129.6  321.6
73.44  262.08
168.48  253.44
236.736  248.832
188.352  76.032
229  75
72.576  269.568
275  328
138  211.2
56.16  217.44
162.72  257.76
53.568  369.792
159.6  205.2
188.64  361.44
178.56  362.88
228.96  311.04
407  104
190.08  248.832
228.96  311.04
516  200.4
541.2  211.2
446.4  306
131.328  266.112
162.432  257.472
55.296  217.728
72.576  269.568
139.968  210.816
457.92  246.24
459.36  325.44
53.568  369.792
181.44  338.688
50.4  387.36
167.616  252.288
274  325
70.848  262.656
191.808  241.92
446.4  241.92
158.976  203.904
295.488  366.336
289.44  352.8
551.52  216
516  200.4
540  211.68
161.741  192.845
457.92  324.864
54  369.6
190.771  246.758
70.848  262.656
50.4  387.36
457.92  246.24
228.096  311.04
439.2  306
290.304  354.586
132.71  265.421
162.432  257.472
72.576  269.568
509.76  250.56
447.898  243.855
55.296  217.728
446.4  303.84
292.032  369.792
470.707  261.274
551.52  216
189.112  246.344
539.136  212.544
515.52  200.16
458.266  323.482
131.881  266.25
63.936  269.568
456.192  244.685
161.741  192.845
79.2  362.4
510.106  190.771
156.764  204.042
447.898  243.855
510.106  248.832
155.271  203.047
131  266
516.326  201.139
161.741  194.089
544.942  271.227
447.898  244.851
510.106  248.832
173.187  194.089
188.117  244.851
517.571  201.554
290.238  358.318
438.94  307.556
456.856  241.865
139.744  211.408


每个2D点对应的3D点：
-0.0946389  0.466025  4.7018
2.82844  -0.38361  4.38923
-0.3044  -0.422203  5.12036
-0.287057  -0.361083  5.0162
-1.36159  -0.33108  5.10811
-1.1589  0.489915  4.65281
0.0310666  0.274255  5.12208
-0.365692  0.432077  4.76204
-0.535599  -0.284345  4.98964
-0.406916  0.455468  4.76007
-0.540076  -0.789564  5.01534
-0.510218  -0.336662  5.05716
2.78983  -0.152436  3.7348
0.471894  0.429348  4.72778
1.93279  -0.109245  4.05293
-1.34571  -0.253756  5.09078
-0.516757  -0.888209  5.00219
0.438866  0.0465606  5.06015
0.293986  0.0523191  5.03432
-0.799681  -0.240828  4.94179
1.84313  0.349289  4.20981
0.0085715  0.258924  5.00097
0.179339  -2.0012  5.02484
1.82235  0.486377  3.89021
1.77477  0.340486  4.19991
-0.301942  0.443691  4.74165
0.376632  0.826053  3.34358
0.362585  0.808516  3.41222
-1.16137  0.501199  4.21969
0.0623248  0.257666  4.93658
-0.923455  0.276168  5.15155
1.05611  -0.294151  -2.41932
0.0977156  0.383593  3.02521
2.84355  -0.679349  4.95068
0.932619  -1.23911  5.748
0.450064  0.8069  3.39549
2.7438  0.293869  3.88318
1.78394  0.340676  4.23421
0.363492  0.799777  3.39211
2.8511  -0.384848  4.4326
-1.26489  0.476463  4.31617
1.83514  0.346316  4.19966
0.175589  -2.00939  4.94953
0.291177  0.0447883  5.06244
-0.290027  -0.363156  5.02856
2.72891  -0.147262  3.64916
-0.360155  0.437826  4.74581
0.0644024  0.252649  4.92317
-1.15491  0.488655  4.64608
-0.910445  0.270885  5.11668
-1.34103  -0.325827  5.07279
-0.501551  -0.326423  5.04054
0.0818109  -0.336197  5.25835
-0.186843  -1.98623  4.98133
0.179157  -2.00394  5.02861
-1.328  -0.262557  5.0224
1.05596  -0.29281  -2.41672
-0.760566  -0.753807  5.09279
-1.76559  -0.844224  5.66907
-0.533279  -0.284307  4.96863
-1.21136  0.541238  4.40835
-0.5398  -0.788235  5.01402
0.13629  0.381642  3.05859
0.0951365  0.382651  3.03177
0.0128118  0.260123  4.96465
2.81675  -3.02213  8.77214
-0.321266  -0.365321  5.10086
0.0449185  0.249105  4.78506
2.84689  -0.560447  4.88026
2.93751  -0.400039  4.58954
1.83864  0.345229  4.21234
-0.787038  -0.23359  4.9125
-0.553145  -0.298679  5.02719
-1.79477  -0.858855  5.71145
-1.35652  -0.257932  5.08146
-0.761705  -0.772179  5.14958
1.93442  -0.123799  4.05504
1.84363  0.478937  3.94107
-1.22471  0.5398  4.43272
-0.356817  0.440334  4.73359
0.635231  0.0645247  0.903234
-0.505957  -0.336773  5.03205
1.28222  -0.51582  -4.91917
-1.34307  -0.318633  5.03089
-0.305858  -0.423136  5.11956
1.90229  -0.172076  4.2386
-0.557389  -0.806968  5.05609
0.585563  0.780845  4.66976
0.537688  0.66727  4.75837
2.85147  -0.321042  4.26707
2.79681  -0.543156  4.7779
2.82639  -0.38063  4.40371
-0.524578  -0.90328  5.05078
1.80065  0.456877  3.83826
-5.27984  1.58624  12.1346
-0.318719  -0.377981  5.11994
-1.37109  -0.319427  5.08872
0.635014  0.0654446  0.903827
1.94021  -0.124413  4.07253
0.0446328  0.242096  4.74506
0.314058  -0.144225  -1.13438
0.544931  0.68398  4.74549
-0.796008  -0.237607  4.96981
-0.562539  -0.295856  5.05741
-1.38553  -0.261299  5.14183
2.6981  -0.0713202  4.82396
1.92679  -0.161477  4.28174
-1.80122  -0.853455  5.72303
1.85513  0.332815  4.26252
0.558993  0.78093  4.56663
1.91524  0.00800095  3.75211
2.74642  -0.300956  4.08159
-0.324178  -0.381451  5.08287
2.7967  -0.373358  4.36338
2.74281  -0.533413  4.67408
1.83934  0.459002  3.95161
-0.777584  -0.232376  4.89923
-1.53282  -0.277059  5.28912
1.91957  -0.134768  4.04823
-0.53038  -0.907023  5.07023
-1.59448  0.648157  5.59181
2.71602  -0.637024  4.70369
-0.574113  -0.805723  5.04647
1.91226  -0.157887  4.23506
2.6925  -0.0859049  4.79975
-0.594335  -0.814757  5.06906
-3.51659  -0.653529  12.3279
2.86893  -0.550393  4.92497
-0.502853  -0.878584  4.97583
2.81126  0.15389  4.41269
1.90059  -0.146693  4.20056
2.71463  -0.0869168  4.84857
-0.479423  -0.925112  5.25574
-0.330261  -0.397035  5.07575
2.86481  -0.541032  4.89063
0.546459  0.696335  4.65546
1.74489  0.344956  4.09654
1.96022  -0.162823  4.14762
-0.731564  -0.750886  5.05484
